-8.11272 93.8588 7.37702
-4.07251 47.6168 4.1294
-12.9608 150.678 12.1879
-6.71885 78.5312 6.69734
-1.65842 19.8919 2.25439
-9.64623 113.293 10.1355
-17.1949 200.568 16.599
-20.8333 244.079 21.1247
-33.0405 386.568 32.8338
-2.58499 30.7681 3.17555
-18.3767 215.69 18.9682
-29.649 347.446 29.9213
-36.1431 422.443 35.4005
-56.8346 665.501 56.6996
-2.68954 32.0099 3.28411
-28.8579 338.58 29.4852
-52.2795 612.863 52.7721
-84.3378 988.003 84.3807
-63.384 741.458 62.3876
-110.183 1290.24 109.566
-43.0724 505.228 43.744
-65.2338 764.466 65.3915
-113.869 1333.66 113.318
-99.3714 1164.37 99.3456
-4.49257 53.1688 5.09942
-5.46278 64.5582 6.08108
-72.2722 847.569 72.9851
-167.145 1959.02 167.492
-107.841 1263.22 107.36
-86.567 1014.58 86.6629
-212.019 2484.14 211.443
-120.21 1409.06 120.461
-310.97 3644.2 310.632
-169.287 1984.4 169.647
-408.655 4789.53 408.621
-6.21148 73.3497 6.83621
-236.721 2775.14 237.428
-518.785 6080.99 519.343
-715.296 8383.74 715.385
-49.1645 575.353 48.5065
-423.433 4961.72 422.402
-403.024 4723.06 402.392
-592.793 6948.2 593.052
-925.555 10847.8 925.122
-6.63961 78.3798 7.27031
-6.87425 81.1369 7.50884
-6.99891 82.6019 7.63558
-489.738 5740.66 490.259
-917.397 10752.6 917.209
-7.06832 83.4178 7.70609
-590.344 6920.02 590.971
-875.089 10257.2 875.289
-372.383 4363.94 371.69
-1597.19 18720.1 1596.48
-1275.76 14953.5 1275.87
-2664.2 31226.6 2663.33
-1289.27 15112 1289.52
-2552.51 29918.1 2552.09
-1535.71 18000.8 1536.02
-3770.13 44190.4 3769.85
-1998.81 23428.9 1999.2
-4060.75 47597.3 4060.71
-2602.24 30502.3 2602.96
-3034.69 35571.2 3035.28
-6760.44 79241.7 6760.8
-602.736 7063.69 601.724
-5569.48 65280.6 5568.41
-6720.91 78778.2 6721.06
-9520.96 111598 9520.04
-4293.65 50327.7 4293.89
-10622.6 124510 10621.8
-4468.59 52378.3 4468.84
-11413.1 133776 11412.5
-5195.77 60901.9 5196.06
-13306.7 155972 13306.3
-6436.04 75439.7 6436.4
-16204.7 189942 16204.5
-7739.33 90716.3 7739.77
-19269.2 225862 19269.1
-9179.07 107592 9179.58
-22775.5 266961 22775.6
-675.216 7913.28 674.185
-4698.36 55070.5 4697.52
-24456.1 286659 24455.2
-9418.87 110403 9419.4
-19544.9 229095 19545
-35109.5 411532 35108.5
-18211.3 213463 18211.5
-26011.2 304889 26010.7
-17767.9 208266 17768.1
-39606.3 464243 39605.7
-18749.6 219773 18749.8
-50179.5 588176 50179
-23935.7 280561 23936
-60868 713461 60867.6
-29285.4 343267 29285.7
-73062.7 856400 73062.4
-34912.9 409230 34913.4
-86614.7 1.01525e+06 86614.7
-41332 484472 41332.6
-103116 1.20867e+06 103116
-495.307 5805.06 494.746
-31676.4 371292 31675.5
-127400 1.49332e+06 127400
-42306.5 495894 42307
-89272.5 1.0464e+06 89272.9
-160674 1.88333e+06 160674
-65724.6 770388 65724.9
-120964 1.41788e+06 120964
-75441.2 884282 75441.7
-188120 2.20503e+06 188119
-91609.9 1.0738e+06 91610.4
-227556 2.66729e+06 227556
-497.68 5832.88 497.118
-64006.9 750253 64006
-246910 2.89415e+06 246909
-92965.9 1.0897e+06 92966.4
-153374 1.79777e+06 153374
-317827 3.72539e+06 317826
-144567 1.69454e+06 144568
-333724 3.91173e+06 333723
-145295 1.70307e+06 145296
-263815 3.09229e+06 263815
-174908 2.05018e+06 174909
-433565 5.08202e+06 433565
-208070 2.43888e+06 208070
-519013 6.08359e+06 519013
-247894 2.90568e+06 247894
-498.928 5847.51 498.366
-115972 1.35936e+06 115971
-582395 6.82652e+06 582394
-549707 6.44337e+06 549707
-261078 3.06022e+06 261077
-857452 1.00506e+07 857451
-298195 3.49528e+06 298194
-12.3802 145.682 13.0182
-13.3837 157.445 14.0217
-596554 6.99249e+06 596555
-1.00352e+06 1.17627e+07 1.00352e+06
-925371 1.08467e+07 925371
-1.35017e+06 1.58259e+07 1.35016e+06
-11.6282 136.87 12.2678
-14.9985 176.377 15.6389
-16.6495 195.731 17.2905
-17.5289 206.038 18.1701
-17.997 211.526 18.6384
-21.2273 249.39 21.8688
-22.9472 269.549 23.5887
-23.8629 280.282 24.5044
-24.3504 285.997 24.9919
-24.6099 289.039 25.2515
-24.7481 290.659 25.3897
-899130 1.05391e+07 899130
-1.38622e+06 1.62485e+07 1.38622e+06
-24.8217 291.521 25.4633
-898850 1.05358e+07 898850
-1.39747e+06 1.63804e+07 1.39747e+06
-898845 1.05358e+07 898845
-1.40728e+06 1.64953e+07 1.40727e+06
-908650 1.06507e+07 908650
-1.42652e+06 1.67208e+07 1.42651e+06
-24.8611 291.983 25.5027
-898867 1.0536e+07 898867
-1.68765e+06 1.97817e+07 1.68765e+06
-2.62043e+06 3.07153e+07 2.62043e+06
-1.57009e+06 1.84037e+07 1.57009e+06
-2.93673e+06 3.44228e+07 2.93673e+06
-25.9673 304.949 26.6088
-26.5562 311.853 27.1978
-1.52921e+06 1.79246e+07 1.52921e+06
-3.0265e+06 3.5475e+07 3.0265e+06
-1.67867e+06 1.96764e+07 1.67867e+06
-3.13701e+06 3.67703e+07 3.137e+06
-1.75721e+06 2.05971e+07 1.75721e+06
-2.69935e+06 3.16403e+07 2.69934e+06
-1.72992e+06 2.02772e+07 1.72992e+06
-3.67255e+06 4.30477e+07 3.67255e+06
-1.71994e+06 2.01602e+07 1.71994e+06
-3.23051e+06 3.78663e+07 3.23051e+06
-2.16149e+06 2.53359e+07 2.16149e+06
-26.8699 315.53 27.5115
-27.037 317.488 27.6786
-2.1162e+06 2.48049e+07 2.1162e+06
-4.62734e+06 5.42392e+07 4.62734e+06
-2.83272e+06 3.32037e+07 2.83272e+06
-7.50883e+06 8.80145e+07 7.50883e+06
-5.62231e+06 6.59018e+07 5.62231e+06
-5.28129e+06 6.19044e+07 5.28129e+06
-1.29902e+07 1.52264e+08 1.29902e+07
-1.92782e+07 2.25969e+08 1.92782e+07
-1.04247e+07 1.22193e+08 1.04247e+07
-2.11201e+07 2.47559e+08 2.11201e+07
-3.60625e+06 4.22705e+07 3.60625e+06
-1.02725e+07 1.20408e+08 1.02725e+07
-2.37339e+07 2.78196e+08 2.37339e+07
-508.579 5960.64 508.021
-1.18144e+07 1.38482e+08 1.18144e+07
-2.98211e+06 3.49547e+07 2.98211e+06
-4.09744e+06 4.8028e+07 4.09744e+06
-1.74371e+07 2.04389e+08 1.74371e+07
-1.92678e+07 2.25847e+08 1.92678e+07
-3.73639e+06 4.3796e+07 3.73639e+06
-7.8754e+06 9.23113e+07 7.8754e+06
-824.941 9668.86 824.382
-1999.9 23441 1999.34
-2.00419e+06 2.34921e+07 2.00419e+06
-9.26302e+06 1.08576e+08 9.26302e+06
-3.33118e+06 3.90463e+07 3.33118e+06
-6.2332e+06 7.30622e+07 6.2332e+06
-1.22365e+07 1.4343e+08 1.22365e+07
-5.83498e+06 6.83945e+07 5.83498e+06
-1.02976e+07 1.20702e+08 1.02976e+07
-6.6308e+06 7.77227e+07 6.6308e+06
-1.61381e+07 1.89162e+08 1.61381e+07
-7.77514e+06 9.1136e+07 7.77514e+06
-1.75326e+07 2.05508e+08 1.75326e+07
-2000.07 23443.1 1999.51
-4.38562e+06 5.14059e+07 4.38562e+06
-1.97167e+07 2.31109e+08 1.97167e+07
-7.84986e+06 9.20118e+07 7.84986e+06
-1.2746e+07 1.49401e+08 1.2746e+07
-2.61626e+07 3.06664e+08 2.61626e+07
-1.19902e+07 1.40542e+08 1.19902e+07
-2.70535e+07 3.17106e+08 2.70535e+07
-1.23286e+07 1.44509e+08 1.23286e+07
-2.3228e+07 2.72266e+08 2.3228e+07
-1.55778e+07 1.82594e+08 1.55778e+07
-7641.35 89567.2 7640.79
-9.60192e+06 1.12548e+08 9.60192e+06
-4.30298e+07 5.04373e+08 4.30298e+07
-2.57675e+07 3.02033e+08 2.57675e+07
-6.05038e+07 7.09193e+08 6.05038e+07
-3.98405e+07 4.66989e+08 3.98405e+07
-7.15149e+07 8.3826e+08 7.15149e+07
-5.81761e+07 6.81909e+08 5.81761e+07
-30.6864 360.264 31.328
-32.6294 383.038 33.2709
-33.6638 395.164 34.3054
-33.6638 395.164 34.3054
-33.6638 395.164 34.3054
-33.6638 395.164 34.3054
-33.6638 395.164 34.3054
-33.6638 395.164 34.3054
-33.6638 395.164 34.3054
-33.6638 395.164 34.3054
-33.6638 395.164 34.3054
-33.6638 395.164 34.3054
-33.6638 395.164 34.3054
-33.6638 395.164 34.3054
-33.6638 395.164 34.3054
-33.6638 395.164 34.3054
-33.6638 395.164 34.3054
-33.6638 395.164 34.3054
-33.6638 395.164 34.3054
-33.6638 395.164 34.3054
-33.6638 395.164 34.3054
-33.6638 395.164 34.3054
-33.6638 395.164 34.3054
-33.6638 395.164 34.3054
-33.6638 395.164 34.3054
-33.6638 395.164 34.3054
-33.6638 395.164 34.3054
-33.6638 395.164 34.3054
-33.6638 395.164 34.3054
-33.6638 395.164 34.3054
-33.6638 395.164 34.3054
-33.6638 395.164 34.3054
-33.6638 395.164 34.3054
-33.6638 395.164 34.3054
-33.6638 395.164 34.3054
-33.6638 395.164 34.3054
-33.6638 395.164 34.3054
-33.6638 395.164 34.3054
-33.6638 395.164 34.3054
-33.6638 395.164 34.3054
-33.6638 395.164 34.3054
-33.6638 395.164 34.3054
-33.6638 395.164 34.3054
-33.6638 395.164 34.3054
-33.6638 395.164 34.3054
-33.6638 395.164 34.3054
-33.6638 395.164 34.3054
-33.6638 395.164 34.3054
-33.6638 395.164 34.3054
-33.6638 395.164 34.3054
-33.6638 395.164 34.3054
-33.6638 395.164 34.3054
-33.6638 395.164 34.3054
-33.6638 395.164 34.3054
-33.6638 395.164 34.3054
-33.6638 395.164 34.3054
-33.6638 395.164 34.3054
-33.6638 395.164 34.3054
-33.6638 395.164 34.3054
-33.6638 395.164 34.3054
-33.6638 395.164